SRR13258790.407572	CP135021.1	222	224	1	222	4.40e-104	392	1470492
SRR13258790.312908	CP135021.1	208	207	1	207	5.24e-98	372	1470492
SRR13258790.692583	CP135021.1	342	342	1	342	1.41e-170	614	1470492
SRR13258790.65411	CP135021.1	263	263	1	263	2.37e-132	486	1470492
SRR13258790.687091	CP135021.1	238	237	1	237	6.00e-113	422	1470492
SRR13258790.528445	CP135021.1	226	226	1	226	7.33e-112	418	1470492
SRR13258790.236042	CP135021.1	202	202	1	202	1.41e-98	374	1470492
SRR13258790.457945	CP135021.1	432	430	1	430	0.0	769	1470492
SRR13258790.655701	OU899036.1	356	356	1	356	2.43e-178	640	80765
SRR13258790.373649	CP135018.1	286	285	1	285	3.32e-141	516	1470492
SRR13258790.661336	CP135021.1	248	248	1	248	2.24e-122	453	1470492
SRR13258790.420558	CP135021.1	262	262	1	262	1.42e-129	477	1470492
SRR13258790.408770	CP135021.1	245	245	1	245	2.21e-122	453	1470492
SRR13258790.643237	CP135018.1	214	214	1	214	1.50e-103	390	1470492
SRR13258790.781315	CP135021.1	314	314	1	314	2.17e-158	573	1470492
SRR13258790.83982	CP135021.1	250	250	1	250	6.35e-118	438	1470492
SRR13258790.630121	CP135018.1	296	292	1	292	3.41e-141	516	1470492
SRR13258790.85070	CP135021.1	296	294	1	294	3.44e-141	516	1470492
SRR13258790.606266	CP135018.1	317	316	1	316	2.18e-158	573	1470492
SRR13258790.718855	CP135018.1	254	254	1	254	2.29e-127	470	1470492
